0 1000000
0.1 1000000
0.2 1000000
0.3 1000000
0.4 1000000
0.5 1000000
0.6 1000000
0.7 1000000
0.8 1000000
0.9 1000000
1 1000000
1.1 1000000
1.2 1000000
1.3 1000000
1.4 1000000
1.5 1000000
1.6 1000000
1.7 1000000
1.8 1000000
1.9 1000000
2 1000000
2.1 1000000
2.2 1000000
2.3 1000000
2.4 1000000
2.5 1000000
2.6 1000000
2.7 1000000
2.8 1000000
2.9 1000000
3 1000000
3.1 1000000
3.2 1000000
3.3 1000000
3.4 1000000
3.5 1000000
3.6 1000000
3.7 1000000
3.8 1000000
3.9 1000000
4 1000000
4.1 1000000
4.2 1000000
4.3 1000000
4.4 1000000
4.5 1000000
4.6 1000000
4.7 1000000
4.8 1000000
4.9 1000000
5 1000000
5.1 1000000
5.2 1000000
5.3 1000000
5.4 1000000
5.5 1000000
5.6 1000000
5.7 1000000
5.8 1000000
5.9 1000000
6 1000000
6.1 1000000
6.2 1000000
6.3 1000000
6.4 1000000
6.5 1000000
6.6 1000000
6.7 1000000
6.8 1000000
6.9 1000000
7 1000000
7.1 1000000
7.2 1000000
7.3 1000000
7.4 1000000
7.5 1000000
7.6 1000000
7.7 1000000
7.79999 1000000
7.89999 1000000
7.99999 1000000
8.09999 1000000
8.2 1000000
8.3 1000000
8.4 1000000
8.5 1000000
8.6 1000000
8.7 1000000
8.8 1000000
8.9 1000000
9 1000000
9.1 1000000
9.2 1000000
9.3 1000000
9.4 1000000
9.5 1000000
9.6 996552
9.7 979072
9.8 961437
9.9 942678
10 926016
10.1 909713
10.2 893366
10.3 877127
10.4 864862
10.5 850165
10.6 839241
10.7 829541
10.8 821293
10.9 812516
11 804311
11.1 794777
11.2 788459
11.3 781858
11.4 774687
11.5 766456
11.6 760120
11.7 753306
11.8 747562
11.9 742726
12 737654
12.1 732844
12.2 728006
12.3 723779
12.4 719799
12.5 716418
12.6 712836
12.7 709705
12.8 706323
12.9 701236
13 697808
13.1 694783
13.2 692986
13.3 690977
13.4 689149
13.5 687991
13.6 686529
13.7 685768
13.8 684750
13.9 683799
14 682944
14.1 682105
14.2 681748
14.3 680707
14.4 680629
14.5 679595
14.6 679572
14.7 678715
14.8 678714
14.9 678286
15 678286
15.1 678268
15.2 678268
15.3 678268
15.4 678268
15.5 678268
15.6 678268
15.7 678268
15.8 678268
15.9 678268
16 678268
16.1 678268
16.2 678268
16.3 678268
16.4 678268
16.5 678268
16.6 678268
16.7 678268
16.8 678268
16.9 678268
17 678268
17.1 678268
17.2 678268
17.3 678268
17.4 678268
17.5 678268
17.6 678268
17.7 678268
17.8 678268
17.9 678268
18 678268
18.1 678268
18.2 678268
18.3 678268
18.4 678268
18.5 678268
18.6 678268
18.7 678268
18.8 678268
18.9 678268
19 678268
19.1 678268
19.2 678268
19.3 678268
19.4 678268
19.5 678268
19.6 678268
19.7 678268
19.8 678268
19.9 678268
20 678268
20.1 678268
20.2 678268
20.3 678268
20.4 678268
20.5 678268
20.6 678268
20.7 678268
20.8 678268
20.9 678268
21 678268
21.1 678268
21.2 678268
21.3 678268
21.4 678268
21.5 678268
21.6 678268
21.7 678268
21.8 678268
21.9 678268
22 678268
22.1 678268
22.2 678268
22.3 678268
22.4 678268
22.5 678268
22.6 678268
22.7001 678268
22.8001 678268
22.9001 678268
23.0001 678268
23.1001 678268
23.2001 678268
23.3001 678268
23.4001 678268
23.5001 678268
23.6001 678268
23.7001 678268
23.8001 678268
23.9001 678268
24.0001 678268
24.1001 678268
24.2001 678268
24.3001 678268
24.4001 678268
24.5001 678268
24.6001 678268
24.7001 678268
24.8001 678268
24.9001 678268
25.0001 678268
25.1001 678268
25.2001 678268
25.3001 678268
25.4001 678268
25.5001 678268
25.6001 678268
25.7001 678268
25.8001 678268
25.9001 678268
26.0001 678268
26.1001 678268
26.2001 678268
26.3001 678268
26.4001 678268
26.5001 678268
26.6001 678268
26.7001 678268
26.8001 678268
26.9001 678268
27.0001 678268
27.1001 678268
27.2001 678268
27.3001 678268
27.4001 678268
27.5001 678268
27.6001 678268
27.7001 678268
27.8001 678268
27.9001 678268
28.0001 678268
28.1001 678268
28.2001 678268
28.3001 678268
28.4001 678268
28.5001 678268
28.6001 678268
28.7001 678268
28.8001 678268
28.9001 678268
29.0001 678268
29.1001 678268
29.2001 678268
29.3001 678268
29.4001 678268
29.5001 678268
29.6001 678268
29.7001 678268
29.8001 678268
29.9001 678268
30.0001 678268
30.1001 678268
30.2001 678268
30.3001 678268
30.4001 678268
30.5001 678268
30.6001 678268
30.7001 678268
30.8001 678268
30.9001 678268
31.0001 678268
31.1001 678268
31.2001 678268
31.3001 678268
31.4001 678268
31.5001 678268
31.6001 678268
31.7001 678268
31.8001 678268
31.9001 678268
32.0001 678268
32.1001 678268
32.2001 678268
32.3001 678268
32.4001 678268
32.5001 678268
32.6001 678268
32.7001 678268
32.8001 678268
32.9001 678268
33.0001 678268
33.1001 678268
33.2001 678268
33.3001 678268
33.4001 678268
33.5001 678268
33.6001 678268
33.7001 678268
33.8001 678268
33.9001 678268
34.0001 678268
34.1001 678268
34.2001 678268
34.3 678268
34.4 678268
34.5 678268
34.6 678268
34.7 678268
34.8 678268
34.9 678268
35 678268
35.1 678268
35.2 678268
35.3 678268
35.4 678268
35.5 678268
35.6 678268
35.7 678268
35.8 678268
35.9 678268
36 678268
36.1 678268
36.2 678268
36.3 678268
36.4 678268
36.5 678268
36.6 678268
36.7 678268
36.8 678268
36.9 678268
37 678268
37.1 678268
37.2 678268
37.3 678268
37.4 678268
37.5 678268
37.6 678268
37.7 678268
37.8 678268
37.9 678268
38 678268
38.1 678268
38.2 678268
38.3 678268
38.4 678268
38.5 678268
38.6 678268
38.7 678268
38.8 678268
38.9 678268
39 678268
39.1 678268
39.2 678268
39.3 678268
39.4 678268
39.5 678268
39.6 678268
39.7 678268
39.8 678268
39.9 678268
40 678268
40.1 678268
40.2 678268
40.3 678268
40.4 678268
40.5 678268
40.6 678268
40.7 678268
40.7999 678268
40.8999 678268
40.9999 678268
41.0999 678268
41.1999 678268
41.2999 678268
41.3999 678268
41.4999 678268
41.5999 678268
41.6999 678268
41.7999 678268
41.8999 678268
41.9999 678268
42.0999 678268
42.1999 678268
42.2999 678268
42.3999 678268
42.4999 678268
42.5999 678268
42.6999 678268
42.7999 678268
42.8999 678268
42.9999 678268
43.0999 678268
43.1999 678268
43.2999 678268
43.3999 678268
43.4999 678268
43.5999 678268
43.6999 678268
43.7999 678268
43.8999 678268
43.9999 678268
44.0999 678268
44.1999 678268
44.2999 678268
44.3999 678268
44.4999 678268
44.5999 678268
44.6999 678268
44.7999 678268
44.8999 678268
44.9999 678268
45.0999 678268
45.1999 678268
45.2999 678268
45.3999 678268
45.4999 678268
45.5999 678268
45.6999 678268
45.7999 678268
45.8999 678268
45.9999 678268
46.0999 678268
46.1999 678268
46.2999 678268
46.3999 678268
46.4999 678268
46.5999 678268
46.6999 678268
46.7999 678268
46.8999 678268
46.9999 678268
47.0999 678268
47.1999 678268
47.2999 678268
47.3998 678268
47.4998 678268
47.5998 678268
47.6998 678268
47.7998 678268
47.8998 678268
47.9998 678268
48.0998 678268
48.1998 678268
48.2998 678268
48.3998 678268
48.4998 678268
48.5998 678268
48.6998 678268
48.7998 678268
48.8998 678268
48.9998 678268
49.0998 678268
49.1998 678268
49.2998 678268
49.3998 678268
49.4998 678268
49.5998 678268
49.6998 678268
49.7998 678268
49.8998 678268
49.9998 678268
50.0998 678268
50.1998 678268
50.2998 678268
50.3998 678268
50.4998 678268
50.5998 678268
50.6998 678268
50.7998 678268
50.8998 678268
50.9998 678268
51.0998 678268
51.1998 678268
51.2998 678268
51.3998 678268
51.4998 678268
51.5998 678268
51.6998 678268
51.7998 678268
51.8998 678268
51.9998 678268
52.0998 678268
52.1998 678268
52.2998 678268
52.3998 678268
52.4998 678268
52.5998 678268
52.6998 678268
52.7998 678268
52.8998 678268
52.9998 678268
53.0998 678268
53.1998 678268
53.2998 678268
53.3998 678268
53.4998 678268
53.5998 678268
53.6998 678268
53.7998 678268
53.8997 678268
53.9997 678268
54.0997 678268
54.1997 678268
54.2997 678268
54.3997 678268
54.4997 678268
54.5997 678268
54.6997 678268
54.7997 678268
54.8997 678268
54.9997 678268
55.0997 678268
55.1997 678268
55.2997 678268
55.3997 678268
55.4997 678268
55.5997 678268
55.6997 678268
55.7997 678268
55.8997 678268
55.9997 678268
56.0997 678268
56.1997 678268
56.2997 678268
56.3997 678268
56.4997 678268
56.5997 678268
56.6997 678268
56.7997 678268
56.8997 678268
56.9997 678268
57.0997 678268
57.1997 678268
57.2997 678268
57.3997 678268
57.4997 678268
57.5997 678268
57.6997 678268
57.7997 678268
57.8997 678268
57.9997 678268
58.0997 678268
58.1997 678268
58.2997 678268
58.3997 678268
58.4997 678268
58.5997 678268
58.6997 678268
58.7997 678268
58.8997 678268
58.9997 678268
59.0997 678268
59.1997 678268
59.2997 678268
59.3997 678268
59.4997 678268
59.5997 678268
59.6997 678268
59.7997 678268
59.8997 678268
59.9997 678268
60.0997 678268
60.1997 678268
60.2997 678268
60.3997 678268
60.4996 678268
60.5996 678268
60.6996 678268
60.7996 678268
60.8996 678268
60.9996 678268
61.0996 678268
61.1996 678268
61.2996 678268
61.3996 678268
61.4996 678268
61.5996 678268
61.6996 678268
61.7996 678268
61.8996 678268
61.9996 678268
62.0996 678268
62.1996 678268
62.2996 678268
62.3996 678268
62.4996 678268
62.5996 678268
62.6996 678268
62.7996 678268
62.8996 678268
62.9996 678268
63.0996 678268
63.1996 678268
63.2996 678268
63.3996 678268
63.4996 678268
63.5996 678268
63.6996 678268
63.7996 678268
63.8996 678268
63.9996 678268
64.0996 678268
64.1996 678268
64.2996 678268
64.3996 678268
64.4996 678268
64.5996 678268
64.6996 678268
64.7996 678268
64.8996 678268
64.9996 678268
65.0996 678268
65.1996 678268
65.2996 678268
65.3996 678268
65.4996 678268
65.5996 678268
65.6996 678268
65.7996 678268
65.8996 678268
65.9996 678268
66.0996 678268
66.1996 678268
66.2996 678268
66.3996 678268
66.4996 678268
66.5996 678268
66.6996 678268
66.7996 678268
66.8996 678268
66.9995 678268
67.0995 678268
67.1995 678268
67.2995 678268
67.3995 678268
67.4995 678268
67.5995 678268
67.6995 678268
67.7995 678268
67.8995 678268
67.9995 678268
68.0995 678268
68.1995 678268
68.2995 678268
68.3995 678268
68.4995 678268
68.5995 678268
68.6995 678268
68.7995 678268
68.8995 678268
68.9995 678268
69.0995 678268
69.1995 678268
69.2995 678268
69.3995 678268
69.4995 678268
69.5995 678268
69.6995 678268
69.7995 678268
69.8995 678268
69.9995 678268
70.0995 678268
70.1995 678268
70.2995 678268
70.3995 678268
70.4995 678268
70.5995 678268
70.6995 678268
70.7995 678268
70.8995 678268
70.9995 678268
71.0995 678268
71.1995 678268
71.2995 678268
71.3995 678268
71.4995 678268
71.5995 678268
71.6995 678268
71.7995 678268
71.8995 678268
71.9995 678268
72.0995 678268
72.1995 678268
72.2995 678268
72.3995 678268
72.4995 678268
72.5995 678268
72.6995 678268
72.7995 678268
72.8995 678268
72.9995 678268
73.0995 678268
73.1995 678268
73.2995 678268
73.3995 678268
73.4995 678268
73.5994 678268
73.6994 678268
73.7994 678268
73.8994 678268
73.9994 678268
74.0994 678268
74.1994 678268
74.2994 678268
74.3994 678268
74.4994 678268
74.5994 678268
74.6994 678268
74.7994 678268
74.8994 678268
74.9994 678268
75.0994 678268
75.1994 678268
75.2994 678268
75.3994 678268
75.4994 678268
75.5994 678268
75.6994 678268
75.7994 678268
75.8994 678268
75.9994 678268
76.0994 678268
76.1994 678268
76.2994 678268
76.3994 678268
76.4994 678268
76.5994 678268
76.6994 678268
76.7994 678268
76.8994 678268
76.9994 678268
77.0994 678268
77.1994 678268
77.2994 678268
77.3994 678268
77.4994 678268
77.5994 678268
77.6994 678268
77.7994 678268
77.8994 678268
77.9994 678268
78.0994 678268
78.1994 678268
78.2994 678268
78.3994 678268
78.4994 678268
78.5994 678268
78.6994 678268
78.7994 678268
78.8994 678268
78.9994 678268
79.0994 678268
79.1994 678268
79.2994 678268
79.3994 678268
79.4994 678268
79.5994 678268
79.6994 678268
79.7994 678268
79.8994 678268
79.9994 678268
80.0993 678268
80.1993 678268
80.2993 678268
80.3993 678268
80.4993 678268
80.5993 678268
80.6993 678268
80.7993 678268
80.8993 678268
80.9993 678268
81.0993 678268
81.1993 678268
81.2993 678268
81.3993 678268
81.4993 678268
81.5993 678268
81.6993 678268
81.7993 678268
81.8993 678268
81.9993 678268
82.0993 678268
82.1993 678268
82.2993 678268
82.3993 678268
82.4993 678268
82.5993 678268
82.6993 678268
82.7993 678268
82.8993 678268
82.9993 678268
83.0993 678268
83.1993 678268
83.2993 678268
83.3993 678268
83.4993 678268
83.5993 678268
83.6993 678268
83.7993 678268
83.8993 678268
83.9993 678268
84.0993 678268
84.1993 678268
84.2993 678268
84.3993 678268
84.4993 678268
84.5993 678268
84.6993 678268
84.7993 678268
84.8993 678268
84.9993 678268
85.0993 678268
85.1993 678268
85.2993 678268
85.3993 678268
85.4993 678268
85.5993 678268
85.6993 678268
85.7993 678268
85.8993 678268
85.9993 678268
86.0993 678268
86.1993 678268
86.2993 678268
86.3993 678268
86.4993 678268
86.5993 678268
86.6992 678268
86.7992 678268
86.8992 678268
86.9992 678268
87.0992 678268
87.1992 678268
87.2992 678268
87.3992 678268
87.4992 678268
87.5992 678268
87.6992 678268
87.7992 678268
87.8992 678268
87.9992 678268
88.0992 678268
88.1992 678268
88.2992 678268
88.3992 678268
88.4992 678268
88.5992 678268
88.6992 678268
88.7992 678268
88.8992 678268
88.9992 678268
89.0992 678268
89.1992 678268
89.2992 678268
89.3992 678268
89.4992 678268
89.5992 678268
89.6992 678268
89.7992 678268
89.8992 678268
89.9992 678268
90.0992 678268
90.1992 678268
90.2992 678268
90.3992 678268
90.4992 678268
90.5992 678268
90.6992 678268
90.7992 678268
90.8992 678268
90.9992 678268
91.0992 678268
91.1992 678268
91.2992 678268
91.3992 678268
91.4992 678268
91.5992 678268
91.6992 678268
91.7992 678268
91.8992 678268
91.9992 678268
92.0992 678268
92.1992 678268
92.2992 678268
92.3992 678268
92.4992 678268
92.5992 678268
92.6992 678268
92.7992 678268
92.8992 678268
92.9992 678268
93.0992 678268
93.1992 678268
93.2991 678268
93.3991 678268
93.4991 678268
93.5991 678268
93.6991 678268
93.7991 678268
93.8991 678268
93.9991 678268
94.0991 678268
94.1991 678268
94.2991 678268
94.3991 678268
94.4991 678268
94.5991 678268
94.6991 678268
94.7991 678268
94.8991 678268
94.9991 678268
95.0991 678268
95.1991 678268
95.2991 678268
95.3991 678268
95.4991 678268
95.5991 678268
95.6991 678268
95.7991 678268
95.8991 678268
95.9991 678268
96.0991 678268
96.1991 678268
96.2991 678268
96.3991 678268
96.4991 678268
96.5991 678268
96.6991 678268
96.7991 678268
96.8991 678268
96.9991 678268
97.0991 678268
97.1991 678268
97.2991 678268
97.3991 678268
97.4991 678268
97.5991 678268
97.6991 678268
97.7991 678268
97.8991 678268
97.9991 678268
98.0991 678268
98.1991 678268
98.2991 678268
98.3991 678268
98.4991 678268
98.5991 678268
98.6991 678268
98.7991 678268
98.8991 678268
98.9991 678268
99.0991 678268
99.1991 678268
99.2991 678268
99.3991 678268
99.4991 678268
99.5991 678268
99.6991 678268
99.799 678268
99.899 678268
99.999 678268
