0 1000000
0.5 1000000
1 1000000
1.5 1000000
2 1000000
2.5 1000000
3 1000000
3.5 1000000
4 1000000
4.5 1000000
5 1000000
5.5 1000000
6 1000000
6.5 1000000
7 1000000
7.5 1000000
8 1000000
8.5 1000000
9 1000000
9.5 1000000
10 977277
10.5 936317
11 905645
11.5 861083
12 819767
12.5 786494
13 757040
13.5 733505
14 706960
14.5 682797
15 661807
15.5 642638
16 625822
16.5 608018
17 590665
17.5 574410
18 558597
18.5 544007
19 526985
19.5 512926
20 499774
20.5 486786
21 473707
21.5 462315
22 449857
22.5 439549
23 428973
23.5 421227
24 411949
24.5 404283
25 394788
25.5 387135
26 379886
26.5 373513
27 364865
27.5 358489
28 353141
28.5 346474
29 341716
29.5 337114
30 332564
30.5 327941
31 324034
31.5 318137
32 313960
32.5 310476
33 306564
33.5 303536
34 301042
34.5 297025
35 293636
35.5 288981
36 287086
36.5 284967
37 281272
37.5 278494
38 276414
38.5 274443
39 272693
39.5 270519
40 268071
40.5 266168
41 264299
41.5 262891
42 261364
42.5 259864
43 257748
43.5 256900
44 255653
44.5 255053
45 254695
45.5 253875
46 252868
46.5 251854
47 250876
47.5 250083
48 249335
48.5 248321
49 246959
49.5 245596
50 245287
50.5 244277
51 243978
51.5 243828
52 243592
52.5 243250
53 242990
53.5 242409
54 241714
54.5 240463
55 240398
55.5 240205
56 239795
56.5 239177
57 239140
57.5 238440
58 238404
58.5 237710
59 237533
59.5 237058
60 236906
60.5 236668
61 236153
61.5 236014
62 235329
62.5 235195
63 235192
63.5 235060
64 235060
64.5 234547
65 234510
65.5 234126
66 233991
66.5 233886
67 233143
67.5 233108
68 232813
68.5 232352
69 232025
69.5 231685
70 231658
70.5 231501
71 231501
71.5 231501
72 231483
72.5 231219
73 231219
73.5 231219
74 231207
74.5 231045
75 231045
75.5 230881
76 230781
76.5 230630
77 230392
77.5 230317
78 229916
78.5 229574
79 229319
79.5 229319
80 229201
80.5 229201
81 229064
81.5 229064
82 228872
82.5 228872
83 228746
83.5 228746
84 228746
84.5 228641
85 228584
85.5 228584
86 228584
86.5 228386
87 228292
87.5 228169
88 228169
88.5 228145
89 228121
89.5 228071
90 227933
90.5 227933
91 227933
91.5 227933
92 227933
92.5 227924
93 227762
93.5 227762
94 227595
94.5 227349
95 227151
95.5 227151
96 227151
96.5 227151
97 227036
97.5 226955
98 226955
98.5 226955
99 226955
99.5 226955
100 226955
